1+1
A<-1+1 
B<-A+2
C<-B+1
